cam0:
  cam_overlaps: [1]
  camera_model: omni
  distortion_coeffs: [0.0625246105784006, -0.7277659355916754, 0.01915675463326762,
    0.0005569274456103805]
  distortion_model: radtan
  intrinsics: [1.1806148576800861, 701.1307622240085, 703.1080314857786, 378.0566680943181,
    188.15668023579335]
  resolution: [752, 480]
  rostopic: /mynteye/left/image_raw
cam1:
  T_cn_cnm1:
  - [0.999952266594305, 0.009212667234026889, 0.0032544270388869035, -0.12224181635294094]
  - [-0.009060047090136025, 0.9989837333836901, -0.044152191129245594, -0.008656765709317879]
  - [-0.0036578791178589515, 0.044120598332570274, 0.9990195156868256, -0.012458080521374603]
  - [0.0, 0.0, 0.0, 1.0]
  cam_overlaps: [0]
  camera_model: omni
  distortion_coeffs: [0.19750895382402686, -0.4042070280819853, 0.011211379044141559,
    -0.016373313680729314]
  distortion_model: radtan
  intrinsics: [1.2953701844954368, 710.3844549898763, 710.4285739826983, 384.83110508006024,
    221.0616863891682]
  resolution: [752, 480]
  rostopic: /mynteye/right/image_raw
