cam0:
  T_cam_imu:
  - [-0.024071935625889607, 0.9980119780708341, -0.058246317843825085, 0.051256501943867105]
  - [-0.996011524257566, -0.018934933034799872, 0.08719238416907608, 7.348205590327135e-05]
  - [0.0859161536693952, 0.06011289327680473, 0.9944872319947342, -0.08451592055528777]
  - [0.0, 0.0, 0.0, 1.0]
  cam_overlaps: [1]
  camera_model: omni
  distortion_coeffs: [0.0625246105784006, -0.7277659355916754, 0.01915675463326762,
    0.0005569274456103805]
  distortion_model: radtan
  intrinsics: [1.1806148576800861, 701.1307622240085, 703.1080314857786, 378.0566680943181,
    188.15668023579335]
  resolution: [752, 480]
  rostopic: /mynteye/left/image_raw
  timeshift_cam_imu: -0.0005059423461297469
cam1:
  T_cam_imu:
  - [-0.03296710147108256, 0.9979855313483119, -0.054203776990382514, -0.07126213498781858]
  - [-0.9985746045635804, -0.030611841565605535, 0.04372269749971461, -0.005316181574240802]
  - [0.04197534206274719, 0.055567925779086244, 0.9975721910134252, -0.09707538255818604]
  - [0.0, 0.0, 0.0, 1.0]
  T_cn_cnm1:
  - [0.9999522665943039, 0.009212667234026889, 0.0032544270388869035, -0.12224181635294094]
  - [-0.009060047090136025, 0.998983733383689, -0.0441521911292456, -0.008656765709317879]
  - [-0.0036578791178589524, 0.04412059833257028, 0.9990195156868245, -0.012458080521374603]
  - [0.0, 0.0, 0.0, 1.0]
  cam_overlaps: [0]
  camera_model: omni
  distortion_coeffs: [0.19750895382402686, -0.4042070280819853, 0.011211379044141559,
    -0.016373313680729314]
  distortion_model: radtan
  intrinsics: [1.2953701844954368, 710.3844549898763, 710.4285739826983, 384.83110508006024,
    221.0616863891682]
  resolution: [752, 480]
  rostopic: /mynteye/right/image_raw
  timeshift_cam_imu: -0.001120711829094518
